    -2.10482     1.99829     1.44642
    -2.10402     1.99823     1.44657
    -2.10322     1.99816     1.44672
    -2.10242     1.99810     1.44687
    -2.10162     1.99804     1.44702
    -2.10082     1.99797     1.44717
    -2.10002     1.99791     1.44733
    -2.09922     1.99785     1.44748
    -2.09842     1.99779     1.44763
    -2.09762     1.99772     1.44779
    -2.09682     1.99766     1.44794
    -2.09602     1.99760     1.44810
    -2.09523     1.99754     1.44826
    -2.09443     1.99748     1.44841
    -2.09363     1.99741     1.44857
    -2.09284     1.99735     1.44873
    -2.09204     1.99729     1.44889
    -2.09125     1.99723     1.44905
    -2.09045     1.99717     1.44921
    -2.08966     1.99711     1.44937
    -2.08886     1.99705     1.44953
    -2.08807     1.99699     1.44969
    -2.08728     1.99692     1.44985
    -2.08649     1.99686     1.45002
    -2.08569     1.99680     1.45018
    -2.08490     1.99674     1.45034
    -2.08411     1.99668     1.45051
    -2.08332     1.99662     1.45067
    -2.08253     1.99656     1.45084
    -2.08174     1.99650     1.45101
    -2.08095     1.99644     1.45117
    -2.08016     1.99638     1.45134
    -2.07937     1.99632     1.45151
    -2.07858     1.99626     1.45168
    -2.07780     1.99620     1.45185
    -2.07701     1.99614     1.45202
    -2.07622     1.99608     1.45220
    -2.07543     1.99603     1.45237
    -2.07465     1.99597     1.45254
    -2.07386     1.99591     1.45272
    -2.07308     1.99585     1.45289
    -2.07229     1.99579     1.45307
    -2.07151     1.99573     1.45324
    -2.07072     1.99567     1.45342
    -2.06994     1.99562     1.45360
    -2.06916     1.99556     1.45378
    -2.06837     1.99550     1.45396
    -2.06759     1.99544     1.45414
    -2.06681     1.99538     1.45432
    -2.06603     1.99533     1.45450
    -2.06525     1.99527     1.45469
    -2.06447     1.99521     1.45487
    -2.06369     1.99515     1.45506
    -2.06291     1.99510     1.45524
    -2.06213     1.99504     1.45543
    -2.06135     1.99498     1.45562
    -2.06057     1.99492     1.45581
    -2.05979     1.99487     1.45600
    -2.05901     1.99481     1.45619
    -2.05824     1.99475     1.45638
    -2.05746     1.99470     1.45657
    -2.05668     1.99464     1.45677
    -2.05591     1.99459     1.45696
    -2.05513     1.99453     1.45716
    -2.05436     1.99447     1.45736
    -2.05358     1.99442     1.45755
    -2.05281     1.99436     1.45775
    -2.05203     1.99431     1.45795
    -2.05126     1.99425     1.45816
    -2.05049     1.99419     1.45836
    -2.04971     1.99414     1.45856
    -2.04894     1.99408     1.45877
    -2.04817     1.99403     1.45898
    -2.04740     1.99397     1.45919
    -2.04663     1.99392     1.45940
    -2.04586     1.99386     1.45961
    -2.04509     1.99381     1.45982
    -2.04432     1.99376     1.46003
    -2.04355     1.99370     1.46025
    -2.04278     1.99365     1.46047
    -2.04201     1.99359     1.46068
    -2.04124     1.99354     1.46090
    -2.04047     1.99349     1.46113
    -2.03971     1.99343     1.46135
    -2.03894     1.99338     1.46157
    -2.03817     1.99332     1.46180
    -2.03741     1.99327     1.46203
    -2.03664     1.99322     1.46226
    -2.03588     1.99317     1.46249
    -2.03511     1.99311     1.46272
    -2.03435     1.99306     1.46296
    -2.03358     1.99301     1.46319
    -2.03282     1.99295     1.46343
    -2.03206     1.99290     1.46367
    -2.03130     1.99285     1.46392
    -2.03053     1.99280     1.46416
    -2.02977     1.99275     1.46441
    -2.02901     1.99269     1.46466
    -2.02825     1.99264     1.46491
    -2.02749     1.99259     1.46517
    -2.02673     1.99254     1.46542
    -2.02597     1.99249     1.46568
    -2.02521     1.99244     1.46594
    -2.02445     1.99239     1.46621
    -2.02369     1.99233     1.46647
    -2.02294     1.99228     1.46674
    -2.02218     1.99223     1.46701
    -2.02142     1.99218     1.46729
    -2.02066     1.99213     1.46757
    -2.01991     1.99208     1.46785
    -2.01915     1.99203     1.46813
    -2.01840     1.99198     1.46842
    -2.01764     1.99193     1.46871
    -2.01689     1.99188     1.46901
    -2.01613     1.99183     1.46931
    -2.01538     1.99178     1.46961
    -2.01463     1.99174     1.46992
    -2.01388     1.99169     1.47023
    -2.01312     1.99164     1.47054
    -2.01237     1.99159     1.47086
    -2.01162     1.99154     1.47119
    -2.01087     1.99149     1.47152
    -2.01012     1.99144     1.47185
    -2.00937     1.99140     1.47219
    -2.00862     1.99135     1.47254
    -2.00787     1.99130     1.47289
    -2.00712     1.99125     1.47325
    -2.00637     1.99121     1.47361
    -2.00563     1.99116     1.47398
    -2.00488     1.99111     1.47436
    -2.00413     1.99107     1.47475
    -2.00339     1.99102     1.47515
    -2.00264     1.99097     1.47555
    -2.00190     1.99093     1.47597
    -2.00115     1.99088     1.47639
    -2.00041     1.99084     1.47683
    -1.99966     1.99079     1.47727
    -1.99892     1.99074     1.47773
    -1.99818     1.99070     1.47821
    -1.99743     1.99065     1.47870
    -1.99669     1.99061     1.47921
    -1.99595     1.99056     1.47973
    -1.99521     1.99052     1.48028
    -1.99447     1.99048     1.48086
    -1.99373     1.99043     1.48146
    -1.99299     1.99039     1.48209
    -1.99225     1.99035     1.48276
    -1.99151     1.99030     1.48348
    -1.99078     1.99026     1.48425
    -1.99004     1.99022     1.48510
    -1.98930     1.99018     1.48604
    -1.98857     1.99014     1.48712
    -1.98783     1.99010     1.48843
    -1.98708     1.99005     1.49022
    -1.98708     1.99005     1.54313
    -1.96792     1.98958     1.54093
    -1.94893     1.98910     1.53875
    -1.93011     1.98860     1.53659
    -1.91145     1.98809     1.53445
    -1.89295     1.98756     1.53233
    -1.87461     1.98702     1.53023
    -1.85643     1.98646     1.52814
    -1.83840     1.98590     1.52608
    -1.82052     1.98532     1.52404
    -1.80279     1.98473     1.52202
    -1.78521     1.98413     1.52002
    -1.76777     1.98352     1.51803
    -1.75048     1.98290     1.51607
    -1.73333     1.98227     1.51412
    -1.71632     1.98164     1.51220
    -1.69945     1.98099     1.51029
    -1.68271     1.98033     1.50840
    -1.66611     1.97967     1.50653
    -1.64963     1.97900     1.50468
    -1.63329     1.97832     1.50284
    -1.61707     1.97763     1.50103
    -1.60098     1.97694     1.49923
    -1.58502     1.97624     1.49744
    -1.56918     1.97553     1.49568
    -1.55345     1.97482     1.49393
    -1.53785     1.97410     1.49220
    -1.52237     1.97338     1.49048
    -1.50700     1.97265     1.48878
    -1.49174     1.97192     1.48709
    -1.47660     1.97118     1.48542
    -1.46156     1.97044     1.48377
    -1.44664     1.96969     1.48213
    -1.43182     1.96894     1.48050
    -1.41711     1.96819     1.47889
    -1.40250     1.96743     1.47729
    -1.38800     1.96667     1.47571
    -1.37360     1.96590     1.47414
    -1.35930     1.96513     1.47258
    -1.34509     1.96436     1.47104
    -1.33099     1.96359     1.46951
    -1.31698     1.96281     1.46799
    -1.30306     1.96203     1.46649
    -1.28924     1.96125     1.46499
    -1.27551     1.96047     1.46351
    -1.26187     1.95968     1.46204
    -1.24832     1.95889     1.46058
    -1.23485     1.95810     1.45914
    -1.22148     1.95731     1.45770
    -1.20819     1.95652     1.45628
    -1.19498     1.95572     1.45486
    -1.18185     1.95493     1.45346
    -1.16881     1.95413     1.45207
    -1.15585     1.95333     1.45069
    -1.14297     1.95253     1.44931
    -1.13016     1.95173     1.44795
    -1.11743     1.95093     1.44660
    -1.10478     1.95012     1.44525
    -1.09221     1.94932     1.44392
    -1.07970     1.94851     1.44259
    -1.06727     1.94771     1.44128
    -1.05491     1.94690     1.43997
    -1.04263     1.94610     1.43867
    -1.03041     1.94529     1.43738
    -1.01826     1.94448     1.43609
    -1.00618     1.94368     1.43482
    -0.99416     1.94287     1.43355
    -0.98221     1.94206     1.43229
    -0.97033     1.94125     1.43104
    -0.95851     1.94045     1.42980
    -0.94675     1.93964     1.42856
    -0.93505     1.93883     1.42733
    -0.92342     1.93802     1.42611
    -0.91184     1.93721     1.42489
    -0.90032     1.93640     1.42368
    -0.88887     1.93560     1.42248
    -0.87747     1.93479     1.42129
    -0.86612     1.93398     1.42010
    -0.85484     1.93317     1.41891
    -0.84360     1.93237     1.41774
    -0.83243     1.93156     1.41656
    -0.82130     1.93075     1.41540
    -0.81023     1.92995     1.41424
    -0.79921     1.92914     1.41308
    -0.78824     1.92834     1.41194
    -0.77732     1.92753     1.41079
    -0.76645     1.92673     1.40966
    -0.75563     1.92592     1.40852
    -0.74485     1.92512     1.40740
    -0.73413     1.92432     1.40627
    -0.72345     1.92351     1.40515
    -0.71282     1.92271     1.40404
    -0.70223     1.92191     1.40293
    -0.69168     1.92111     1.40183
    -0.68118     1.92031     1.40073
    -0.67073     1.91951     1.39963
    -0.66031     1.91871     1.39854
    -0.64994     1.91791     1.39746
    -0.63961     1.91711     1.39637
    -0.62932     1.91632     1.39529
    -0.61906     1.91552     1.39422
    -0.60885     1.91472     1.39315
    -0.59868     1.91393     1.39208
    -0.58854     1.91313     1.39101
    -0.57844     1.91234     1.38995
    -0.56838     1.91154     1.38890
    -0.55835     1.91075     1.38784
    -0.54836     1.90996     1.38679
    -0.53841     1.90916     1.38574
    -0.52849     1.90837     1.38470
    -0.51860     1.90758     1.38366
    -0.50874     1.90679     1.38262
    -0.49892     1.90600     1.38158
    -0.48913     1.90521     1.38055
    -0.47937     1.90443     1.37952
    -0.46965     1.90364     1.37849
    -0.45995     1.90285     1.37746
    -0.45028     1.90206     1.37644
    -0.44064     1.90128     1.37542
    -0.43103     1.90049     1.37440
    -0.42145     1.89971     1.37338
    -0.41190     1.89892     1.37237
    -0.40237     1.89814     1.37135
    -0.39287     1.89736     1.37034
    -0.38340     1.89658     1.36933
    -0.37395     1.89579     1.36833
    -0.36453     1.89501     1.36732
    -0.35514     1.89423     1.36632
    -0.34576     1.89345     1.36531
    -0.33641     1.89267     1.36431
    -0.32709     1.89190     1.36331
    -0.31778     1.89112     1.36232
    -0.30850     1.89034     1.36132
    -0.29925     1.88956     1.36032
    -0.29001     1.88879     1.35933
    -0.28079     1.88801     1.35833
    -0.27160     1.88723     1.35734
    -0.26242     1.88646     1.35635
    -0.25326     1.88568     1.35536
    -0.24413     1.88491     1.35437
    -0.23501     1.88414     1.35338
    -0.22591     1.88336     1.35239
    -0.21683     1.88259     1.35140
    -0.20776     1.88182     1.35041
    -0.19871     1.88105     1.34942
    -0.18968     1.88027     1.34844
    -0.18067     1.87950     1.34745
    -0.17167     1.87873     1.34646
    -0.16268     1.87796     1.34547
    -0.15371     1.87719     1.34449
    -0.14476     1.87642     1.34350
    -0.13581     1.87565     1.34251
    -0.12689     1.87488     1.34152
    -0.11797     1.87412     1.34054
    -0.10907     1.87335     1.33955
    -0.10018     1.87258     1.33856
    -0.09130     1.87181     1.33757
    -0.08244     1.87104     1.33658
    -0.07358     1.87028     1.33559
    -0.06474     1.86951     1.33460
    -0.05590     1.86874     1.33361
    -0.04708     1.86798     1.33261
    -0.03826     1.86721     1.33162
    -0.02946     1.86645     1.33063
    -0.02066     1.86568     1.32963
    -0.01187     1.86492     1.32863
    -0.00309     1.86415     1.32763
     0.00568     1.86339     1.32663
     0.01445     1.86262     1.32563
     0.02321     1.86186     1.32463
     0.03196     1.86109     1.32362
     0.04071     1.86033     1.32262
     0.04945     1.85956     1.32161
     0.05819     1.85880     1.32060
     0.06692     1.85804     1.31959
     0.07565     1.85727     1.31857
     0.08437     1.85651     1.31756
     0.09309     1.85574     1.31654
     0.10181     1.85498     1.31552
     0.11052     1.85422     1.31450
     0.11923     1.85345     1.31347
     0.12794     1.85269     1.31244
     0.13665     1.85193     1.31141
     0.14536     1.85116     1.31038
     0.15406     1.85040     1.30934
     0.16277     1.84964     1.30830
     0.17147     1.84887     1.30726
     0.18018     1.84811     1.30621
     0.18889     1.84735     1.30516
     0.19759     1.84659     1.30411
     0.20630     1.84582     1.30305
     0.21501     1.84506     1.30199
     0.22372     1.84430     1.30093
     0.23244     1.84353     1.29986
     0.24116     1.84277     1.29879
     0.24988     1.84200     1.29771
     0.25860     1.84124     1.29663
     0.26733     1.84048     1.29554
     0.27607     1.83971     1.29445
     0.28481     1.83895     1.29336
     0.29355     1.83819     1.29226
     0.30230     1.83742     1.29115
     0.31106     1.83666     1.29004
     0.31982     1.83589     1.28893
     0.32859     1.83513     1.28781
     0.33737     1.83436     1.28668
     0.34616     1.83360     1.28555
     0.35495     1.83283     1.28441
     0.36375     1.83207     1.28326
     0.37257     1.83130     1.28211
     0.38139     1.83054     1.28095
     0.39022     1.82977     1.27979
     0.39906     1.82901     1.27862
     0.40792     1.82824     1.27744
     0.41678     1.82748     1.27625
     0.42566     1.82671     1.27506
     0.43454     1.82595     1.27386
     0.44344     1.82518     1.27265
     0.45236     1.82441     1.27143
     0.46128     1.82365     1.27020
     0.47023     1.82288     1.26896
     0.47918     1.82211     1.26772
     0.48815     1.82135     1.26646
     0.49714     1.82058     1.26520
     0.50614     1.81981     1.26392
     0.51516     1.81905     1.26264
     0.52419     1.81828     1.26134
     0.54211     1.81681     1.26004
     0.56004     1.81544     1.25872
     0.57797     1.81418     1.25739
     0.59592     1.81301     1.25604
     0.61386     1.81195     1.25469
     0.63182     1.81098     1.25332
     0.64978     1.81012     1.25194
     0.66774     1.80936     1.25054
     0.68571     1.80870     1.24913
     0.70368     1.80814     1.24770
     0.72165     1.80769     1.24626
     0.73963     1.80733     1.24480
     0.75761     1.80708     1.24332
     0.77559     1.80692     1.24183
     0.79357     1.80687     1.24031
